       0.1000000000000000
       0.1049481864833816
       0.1101412184615065
       0.1155912113460505
       0.1213108800418529
       0.1273135686109552
       0.1336132814044732
       0.1402247157349320
       0.1471632961652883
       0.1544452104946379
       0.1620874475245639
       0.1701078366942326
       0.1785250896767095
       0.1873588440335374
       0.1966297090294250
       0.2063593137139316
       0.2165703573823234
       0.2272866625333268
       0.2385332304473301
       0.2503362995146984
       0.2627234064502825
       0.2757234505369351
       0.2893667610479171
       0.3036851680054894
       0.3187120764407718
       0.3344825443281190
       0.3510333643758339
       0.3684031498640387
       0.3866324247299632
       0.4057637181108218
       0.4258416635648483
       0.4469131032019715
       0.4690271969670728
       0.4922355373307812
       0.5165922696553839
       0.5421542185166658
       0.5689810202763909
       0.5971352622147140
       0.6266826285471279
       0.6576920536665977
       0.6902358829684032
       0.7243900416328956
       0.7602342117599369
       0.7978520182682850
       0.8373312239936237
       0.8787639344404101
       0.9222468126652231
       0.9678813047929413
       1.0157738766918833
       1.0660362623600728
       1.1187857246021207
       1.1741453286048862
       1.2322442290501694
       1.2932179714342800
       1.3572088082974532
       1.4243660311008928
       1.4948463185257066
       1.5688141020063229
       1.6464419493511846
       1.7279109673457052
       1.8134112242767744
       1.9031421933645618
       1.9973132181361599
       2.0961440008267682
       2.1998651149478934
       2.3087185432183728
       2.4229582421132285
       2.5428507343474567
       2.6686757306770081
       2.8007267824676543
       2.9393119665541665
       3.0847546039876184
       3.2373940143476263
       3.3975863073793819
       3.5657052138023539
       3.7421429572289542
       3.9273111692273748
       4.1216418496634217
       4.3255883745618675
       4.5396265538386631
       4.7642557413717110
       5.0000000000000000
       5.0990552907749382
       5.2000729716759793
       5.3030919197280326
       5.4081517821510090
       5.5152929916182050
       5.6245567818169491
       5.7359852033175551
       5.8496211397566285
       5.9655083243409930
       6.0836913566785764
       6.2042157199427326
       6.3271277983766074
       6.4524748951442854
       6.5803052505355879
       6.7106680605315194
       6.8436134957375288
       6.9791927206918452
       7.1174579135563381
       7.2584622861974797
       7.4022601046651237
       7.5489067100769898
       7.6984585399169037
       7.8509731497549593
       8.0065092353980010
       8.1651266554789181
       8.3268864544934509
       8.4918508862934026
       8.6600834380452447
       8.8316488546634062
       9.0066131637275735
       9.1850437008936598
       9.3670091358081677
       9.5525794985359660
       9.7418262065116057
       9.9348220920245911
      10.1316414302491467
      10.3323599678292961
      10.5370549520302283
      10.7458051604672029
      10.9586909314233871
      11.1757941947683541
      11.3971985034890828
      11.6229890658456441
      11.8532527781639008
      12.0880782582778750
      12.3275558796346623
      12.5717778060749659
      12.8208380273026989
      13.0748323950572711
      13.3338586600024698
      13.5980165093461665
      13.8674076052053064
      14.1421356237309492
      14.4223062950084078
      14.7080274437478646
      14.9994090307811092
      15.2965631953803634
      15.5996042984154908
      15.9086489663661936
      16.2238161362061604
      16.5452271011763727
      16.8730055574652553
      17.2072776518136337
      17.5481720300627337
      17.8958198866640394
      18.2503550151699265
      18.6119138597246305
      18.9806355675752592
      19.3566620426231211
      19.7401380000359730
      20.1312110219421641
      20.5300316142281929
      20.9367532644614052
      21.3515325009602819
      21.7745289530349204
      22.2059054124209609
      22.6458278959305872
      23.0944657093447177
      23.5519915125709147
      24.0185813860922366
      24.4944148987324155
      24.9796751767636067
      25.4745489743831719
      25.9792267455867574
      26.4939027174651898
      27.0187749649534794
      27.5540454870607050
      28.0999202846100395
      28.6566094395189737
      29.2243271956500550
      29.8032920412634716
      30.3937267931030242
      30.9958586821479969
      31.6099194410638162
      32.2361453933852147
      32.8747775444661912
      33.5260616742318973
      34.1902484317678130
      34.8675934317830496
      35.5583573529845722
      36.2628060384003845
      36.9812105976901790
      37.7138475114828680
      38.4609987377811962
      39.2229518204742931
      40.0000000000000000
      41.9850382138808556
      44.0685858455258810
      46.2555315189023162
      48.5510064606121006
      50.9603965392793796
      53.4893549024041519
      56.1438152403318327
      58.9300057084599516
      61.8544635403476804
      64.9240503860149261
      68.1459684114190765
      71.5277771968836760
      75.0774114741278993
      78.8031997435129199
      82.7138838151868896
      86.8186393199780468
      91.1270972381604167
      95.6493664966050403
     100.3960576873364232
     105.3783079631451471
     110.6078071686688560
     116.0968252682531556
     121.8582411349464110
     127.9055727681758015
     134.2530090110044796
     140.9154428413878293
     147.9085063155402509
     155.2486072453998531
     162.9529676962472990
     171.0396643948058681
     179.5276711426319878
     188.4369033343109834
     197.7882646849104447
     207.6036962763286056
     217.9062280376142553
     228.7200327800467790
     240.0704829137586103
     251.9842099789745760
     264.4891671315456279
     277.6146947293865423
     291.3915891737040056
     305.8521751665358011
     321.0303815541396943
     336.9618209341825832
     353.6838732135132659
     371.2357733125685968
     389.6587032221950722
     408.9958886288778785
     429.2927003350899327
     450.5967607127212204
     472.9580554393630791
     496.4290507796109750
     521.0648166865640860
     546.9231560123553209
     574.0647401308764302
     602.5532512909105662
     632.4555320336758086
     663.8417420253554155
     696.7855226725946522
     731.3641699071956737
     767.6588155454213620
     805.7546176474256754
     845.7409603234530096
     887.7116634556115287
     931.7652028272896132
     978.0049411767048468
    1026.5393707167061166
    1077.4823676898527083
    1130.9534595560321577
    1187.0781054395188221
    1245.9879904934869046
    1307.8213348726417280
    1372.7232180389128189
    1440.8459191611314054
    1512.3492744073591894
    1587.4010519681987716
    1666.1773456909872948
    1748.8629882484665359
    1835.6519848113430271
    1926.7479682422617770
    2022.3646768792161765
    2122.7264560294170224
    2228.0687843502737451
    2338.6388263525323055
    2454.6960123219132583
    2576.5126470199124924
    2704.3745485919585008
    2838.5817191820033258
    2979.4490488270002970
    3127.3070542828140788
    3282.5026545150776656
    3445.3999846745209652
    3616.3812504666066161
    3795.8476249200675738
    3984.2201896584469978
    4181.9409228831373184
    4389.4737363860149344
    4607.3055640248321652
    4835.9475042152080277
    5075.9360191199339170
    5327.8341933491137752
    5592.2330551245922834
    5869.7529630083390657
    6161.0450614486389895
    6466.7928085590710907
    6787.7135797150649523
    7124.5603507303712831
    7478.1234645628783255
    7849.2324856947834633
    8238.7581465382645547
    8647.6143904332766397
    9076.7605160311813961
    9527.2034280953448615
   10000.0000000000000000
